fitness,callFunc
13250.558242262516,300000.0
