fitness,callFunc
172.65115559101105,300000.0
